55
0100000000000000000000000000000000000000000000000000000
1010000000000000000000000000000000000110000000000000000
0101000000000000000000000000000000000000000000000000000
0010100000000000000000000000000000000000000000000000000
0001000000000000000000000000000010000000000000000000000
0000001000000000000000000000000100000000000000000000000
0000010100000000000000000000000000000000000000000000000
0000001010000000000000000000000000000000000000000000000
0000000101000000000000000010000000000000000000000000000
0000000010100100000000100000000000000000000000000000000
0000000001010000000001000000000000000000000000000000000
0000000000100000000100000000000000000000000000000000000
0000000000000100010100000000000000000000000000000000000
0000000001001010010000000000000000000000000000000000000
0000000000000101000000000000000000000000000000000000000
0000000000000010100000000000000000000000000000000000000
0000000000000001010000000000000000000000000000000000000
0000000000001100101000000000000000000000000000000000000
0000000000000000010110000000000000000000000000000000000
0000000000011000001000000000000000000000000000000000000
0000000000000000001001100000000000000000000000000000000
0000000000100000000010000000000000000000000000000000000
0000000001000000000010011000000000000000000000000000000
0000000000000000000000101000000000000000000000000000001
0000000000000000000000110100000000000000000000000000000
0000000000000000000000001010000000000000000000000000000
0000000010000000000000000101000000000000000000000000000
0000000000000000000000000010100000000000000000000000010
0000000000000000000000000001010000000000000000000010000
0000000000000000000000000000101000000000000000000010000
0000000000000000000000000000010100000000000000000000000
0000010000000000000000000000001010000000000000000000000
0000100000000000000000000000000101000000000000011000000
0000000000000000000000000000000010100000000000000000000
0000000000000000000000000000000001010000000000000000000
0000000000000000000000000000000000101000000000000000000
0000000000000000000000000000000000010100000000000000000
0100000000000000000000000000000000001000001000000000000
0100000000000000000000000000000000000001101000000000000
0000000000000000000000000000000000000010000000000000000
0000000000000000000000000000000000000010000000000000000
0000000000000000000000000000000000000000001000000000000
0000000000000000000000000000000000000110010100000000000
0000000000000000000000000000000000000000001000100000000
0000000000000000000000000000000000000000000001000000000
0000000000000000000000000000000000000000000010110000000
0000000000000000000000000000000000000000000101000000000
0000000000000000000000000000000010000000000001001000000
0000000000000000000000000000000010000000000000010100000
0000000000000000000000000000000000000000000000001011000
0000000000000000000000000000110000000000000000000100000
0000000000000000000000000000000000000000000000000100100
0000000000000000000000000000000000000000000000000001010
0000000000000000000000000001000000000000000000000000101
0000000000000000000000010000000000000000000000000000010
